2018,154,59,213,8427768,4887322,13315090,697580,14012670,73897739.56
2014,66,101,167,5618605,3426272,9044877,6180140,15225017,25094229.63
2016,70,113,183,5981640,3893708,9875348,5604467,15479815,26816719.78
2020,68,117,185,7214425,4223741,11438166,5224787,16662953,32672357.16
2015,73,112,185,7246398,4448457,11694855,4976928,16671783,32834402.64
2017,76,118,194,6966989,3778561,10745550,6110562,16856112,28245726.3
2011,78,121,199,6660255,3367564,10027819,5289095,15316914,28530293.55
2012,80,120,200,5249757,3105471,8355228,6626583,14981811,28122739.93
2013,81,126,207,4759414,3368576,8127990,7201272,15327662,28718994.13
2004,82,129,211,4885354,3480756,8366110,8063515,16429625,30177100.94
2005,80,130,210,4818601,3238235,8056836,8733508,16790344,30682882.83
2006,79,127,206,5035845,3227466,8263311,8552824,16816135,33843486.76
2017,82,121,203,4918258,3320598,8238856,8124201,16363057,34237406.84
2008,82,120,202,4462992,2960074,7423066,8340620,15763686,31503090.57
2009,81,135,216,4064704,3052248,7116952,8288301,15405253,28104018.94
2010,82,134,216,4362324,3335106,7697430,11678938,19376368,30591211.97
2011,86,145,231,5453713,3414479,8868192,13435794,22303986,37958605.53
2012,87,144,231,5035245,3000302,8035547,11041459,19077006,37918441.44
2013,88,143,231,5176531,2877146,8053677,11436242,19489919,39376649.23
2014,88,147,235,5570386,2980529,8550915,11461413,20012328,42130178.69
2015,93,149,242,6084909,2961722,9046631,12766439,21813070,47077596.93
2016,103,147,250,7070187,3123488,10193675,12425255,22618930,55592793.84
2017,115,165,280,7365504,3452787,10818291,14559917,25378208,60298011.72
2018,119,156,275,7700690,3688282,11388972,18243806,29632778,76794322.77
2012,0,0,0,0,0,0,0,0,0
,0,0,0,0,0,0,0,0,0
1998,0,0,0,0,0,0,0,0,0
1999,0,0,0,116994,10835,127829,0,127829,1062607.49
2000,0,0,0,1873271,573389,2446660,0,2446660,15387548.22
2001,0,0,0,2538384,1153749,3692133,0,3692133,19315875.63
2002,0,0,0,3383573,1379426,4762999,0,4762999,24934335.5
2003,0,0,0,3583943,1362409,4946352,0,4946352,25296835.5
2004,0,0,0,3833578,1389097,5222675,0,5222675,27264740.53
2005,0,0,0,4446048,1625745,6071793,0,6071793,31452686.61
2006,0,0,0,4957148,1854798,6811946,0,6811946,37683642.94
2007,0,0,0,5214913,2137424,7352337,0,7352337,40411033.86
2008,0,0,0,5260066,2008946,7269012,0,7269012,41819650.32
2009,0,0,0,4993895,2115997,7109892,0,7109892,39206699.75
2010,0,0,0,5421659,2357973,7779632,0,7779632,43363382.07
2011,0,0,0,5703118,2375478,8078596,0,8078596,46926203.7
2012,0,0,0,6043147,2026015,8069162,0,8069162,49966092.43
2013,0,0,0,6524579,2236574,8761153,0,8761153,54430115.08
2014,0,0,0,6957239,2701160,9658399,0,9658399,57834242.37
2015,0,0,0,7439137,2874703,10313840,0,10313840,62592411.35
2016,0,0,0,7554289,2610038,10164327,0,10164327,63308705.69
2017,0,0,0,8252424,2931532,11183956,0,11183956,69403061.59
2018,0,0,0,8855427,2812897,11668324,0,11668324,78939036.61